uuid: 84e46830-e044-4837-988b-18285ab01b8c
timestamps:
  login: 1498878321968
  logout: 1498923215238
  lastteleport: 1498881807971
ipAddress: 192.168.0.11
afk: false
nickname: "\xa7aEmerald\xa74Tnt"
lastlocation:
  world: DIM76
  x: -440.4036882724964
  y: 83.0
  z: 323.82300210046515
  yaw: 68.24933
  pitch: 16.949993
homes:
  home:
    world: DIM66
    x: -96.66881988363029
    y: 48.0
    z: 139.8261326412908
    yaw: -0.59981245
    pitch: 8.100009
socialspy: true
money: '2.0'
logoutlocation:
  world: DIM66
  x: -91.07499998807907
  y: 49.69375
  z: 159.69999998807907
  yaw: 200.85023
  pitch: 34.650005
