uuid: 2eca4993-83be-4916-8bb1-75cd1593b01f
timestamps:
  login: 1498618318728
  logout: 1498617886165
  lastteleport: 1498619257168
ipAddress: 68.47.210.129
lastlocation:
  world: DIM66
  x: -123.62232976395656
  y: 52.61579989130197
  z: 107.5486344326458
  yaw: -153.0984
  pitch: 44.54999
logoutlocation:
  world: DIM66
  x: -102.83158345522193
  y: 49.8354976476837
  z: 141.39158650692335
  yaw: -25.200516
  pitch: 24.000046
afk: false
homes:
  home:
    world: DIM66
    x: -97.77896916894115
    y: 48.0
    z: 136.28570382966427
    yaw: -5.8499827
    pitch: 3.7500088
ban:
  reason: "\xa74Banned:\n\xa7rThe Ban Hammer has spoken!"
  timeout: 0
